|0000|20250601|12345678000190|0|0|1|1|0|0|0|0|0|
|0001|0|20250601|20250630|12345678000190|1|1|0|0|0|
|0100|FULANO DE TAL|12345678000190|12345678000190|1|CONTADOR|1234|123456|FULANO|
|0150|1|FORNECEDOR X LTDA|12345678000190|RUA ABC, 123|12345678|SÃO PAULO|SP|01001000|
|0190|01|UNIDADE|UN|
|0200|1001|PRODUTO X|01|12345678|100|1|0|
|C100|20250605|12345|1001|1|1000,00|100,00|1100,00|0|1|0|0|0|0|0|0|0|0|0|0|0|
|C170|1|001|PRODUTO X|2|50,00|100,00|100,00|0|0|0|0|0|0|0|0|0|0|
|D100|20250610|54321|1002|1|500,00|50,00|550,00|0|1|0|0|0|0|0|0|0|0|0|0|0|
|D170|1|002|PRODUTO Y|1|50,00|50,00|50,00|0|0|0|0|0|0|0|0|0|0|
|E100|20250615|1|2000,00|200,00|2200,00|1|1|1|1|1|1|1|
|H005|1|500,00|
|H010|1|250,00|
|9001|1|
|9900|0000|1|
|9900|0001|1|
|9900|0100|1|
|9900|0150|1|
|9900|0190|1|
|9900|0200|1|
|9900|C100|1|
|9900|C170|1|
|9900|D100|1|
|9900|D170|1|
|9900|E100|1|
|9900|H005|1|
|9900|H010|1|
|9900|9001|1|
|9999|22|
